0.25530489367296216
0.21600785109879161
0.18484155175247907
0.15974402191883294
0.1392617209620556
0.12234744960072709
0.10823212287518835
0.09634118256313427
0.08623878796461787
0.07758974802697606
0.07013305111683661
0.06366313672229168
0.05801643413485524
0.053061546676898025
0.048691999260254575
0.04482081455923199
0.04137641113843654
0.03829946907267814
0.03554051174771636
0.03305802344837966
0.030816971748860646
0.028787638570685642
0.026944688641382167
0.025266422023467315
0.023734170452357702
0.022331806835075158
0.021045344396508636
0.019862607300314385
0.018772958600650824
0.017767074443804598
0.016836755783794358
0.01597477068369199
0.015174721676828196
0.01443093375678308
0.013738359424617892
0.013092497900472172
0.012489326145358418
0.011925239768774533
0.011397002242319173
0.010901701117024853
0.010436710166660874
0.009999656561702536
0.009588392327516732
0.009200969462245086
0.008835618190124206
0.008490727908727316
0.008164830457144313
0.00785658538907869
0.007564766982343768
0.007288252755991985
0.007026013299686991
0.0067771032480487305
0.006540653256480142
0.006315862855169886
0.006101994075177235
0.005898365755255909
0.005704348450792248
0.005519359877280924
0.005342860830445363
0.005174351533692381
0.005013368371297633
0.004859480972745348
0.004712289620161073
0.00457142295692246
0.004436535981428469
0.00430730831574229
0.004183442744457755
0.004064664024697218
0.0039507179736122935
0.003841370845059052
0.00373640901212853
0.003635638976738089
0.0035388877312603783
0.0034460034998379007
0.0033568568881747127
0.0032713424697102065
0.003189380832595429
0.003110921105198925
0.0030359439673411227
0.0029644651394967907
0.002896539322298823
0.002832264533454591
0.0027717867585004266
0.002715304795823661
0.0026630751356114244
0.0026154166678378373
0.002572714967597291
0.002535425859119166
0.0025040779153240583
0.0024792735110165886
0.0024616880184356207
0.0024520667179114474
0.002451218997959765
0.002460009442305544
0.0024793454496865193
0.0025101611086814388
0.0025533971559609653
0.002609976982503053
0.002680778816877183
0.0027666044040504044
0.002868144706458859
0.0029859433732485575
0.003120358943461003
0.003271526957599765
0.0034393233362799785
0.003623330530766972
0.003822808044627526
0.004036668956096713
0.004263464026906241
0.004501374858142693
0.00474821734409424
0.005001456382550197
0.005258232431275437
0.005515400067237504
0.005769578224434306
0.006017211279028373
0.00625463964149608
0.006478178031284057
0.006684199177203786
0.0068692203324932765
0.007029989740235874
0.0071635700512076
0.007267415694821192
0.00733944134019769
0.007378078856391234
0.007382320578462855
0.006805914603831853
0.006172154298943448
0.005597874123889169
0.005071559198605744
0.004588334431586431
0.0041437303016683405
0.0037323548122185552
0.0033571876176493433
0.0030110068028523142
0.0026909651254423583
0.0024017500315934638
0.0021362698285418455
0.0018948172632797964
0.0016758382760193354
0.0014785750256675007
0.001300688777623231
0.0011417333635235995
0.000999932249515131
0.0008739710408990452
0.0007645733962143298
0.0006648429269455543
0.0005790774133894833
0.0005039153909938356
0.00043853111752485696
0.00038200244632193676
0.0003330257782041992
0.00029087083110551084
0.00025455191949690683
0.00022334434930639741
0.00019678100810751427
0.00017387233141508363
0.0001543699407958532
0.00013765662867140573
0.0001232563900657442
0.00011085344255192985
0.00010027763335453009
9.109367150702855e-05
8.306479048601415e-05
7.608332446171841e-05
7.005164565454492e-05
6.447129583373526e-05
5.9619892741065554e-05
5.5323059221335015e-05
5.136607161994422e-05
4.7666985623194234e-05
4.450694900936463e-05
4.1470872931166575e-05
3.865024684927234e-05
3.620547441721194e-05
3.364526584106841e-05
3.156355847151189e-05
2.932374667433107e-05
2.741387019743248e-05
2.5443420327389522e-05
2.3658999114158536e-05
2.2013858437651046e-05
2.040849514420699e-05
1.8926213475113913e-05
1.744690685556388e-05
1.6119282288819655e-05
1.4831680958022462e-05
1.3648557657871807e-05
1.2492376116709299e-05
1.1418959897236266e-05
1.0352879083341252e-05
9.401338474598481e-06
8.43096790733896e-06
7.5239559646908e-06
6.712680214517314e-06
5.854017153094212e-06
5.1340182607883895e-06
4.367992952479512e-06
3.6678767346615172e-06
3.035425825152076e-06
