0.26402707610193316
0.22338749767066782
0.19115643946047828
0.1652014829219687
0.14401942896427322
0.12652730201105994
0.1119297422466764
0.09963256236318012
0.08918503169112588
0.08024050778166668
0.07252906185530747
0.0658381106745035
0.059998495336044906
0.054874330154592144
0.050355502450529645
0.04635206342468044
0.04278998615091721
0.03960792411418461
0.03675471039701737
0.034187410958254276
0.031869796543932294
0.0297711338117274
0.02786522196747702
0.02612961976180346
0.024545021210458602
0.02309474834389428
0.021764336670448248
0.020541194560623678
0.019414321927121506
0.01837407674331945
0.017411980368718483
0.016520554520143227
0.015693184178886016
0.01492400185742206
0.014207789539821271
0.013539895313714304
0.012916162270984128
0.012332867701359019
0.011786670962275593
0.011274568698534793
0.010793856320842336
0.010342094844466163
0.009917082346581771
0.009516829430077612
0.009139538187784985
0.008783584248201689
0.008447501554755163
0.00812996958769643
0.007829802782422983
0.007545941931519978
0.007277447380857774
0.007023493843225275
0.006783366656618196
0.006556459308824298
0.006342272035826611
0.00614041127945098
0.005950589760586211
0.0057726268895709944
0.005606449196813041
0.005452090426752258
0.005309690899818324
0.005179495713503727
0.005061851328963179
0.004957200077857926
0.004866072129804675
0.004789074487940391
0.004726876632506897
0.004680192512930043
0.004649758699393991
0.004636308645646404
0.004640543184122402
0.004663097568748798
0.00470450559403575
0.004765161543063357
0.004845280941388184
0.004944861306602161
0.00506364427087114
0.005201080602277488
0.005356299746462861
0.005528085540393321
0.005714859704731874
0.005914674593164244
0.0061252164629939185
0.006343820233057708
0.006567496319346221
0.006792969697771813
0.007016730854481843
0.007235097768557602
0.007444287554877153
0.007640495903456934
0.007819982013341794
0.007979156360493051
0.008114668383556869
0.008223491037665771
0.008302999167234973
0.008351038789590587
0.008365984659917598
0.008346783894199634
0.0047891478601053
0.0032789032433901922
0.0024596584915506105
0.0019295869666784498
0.001554807197124373
0.0012750802926950397
0.0010587189730129293
0.0008869773748208156
0.0007479119002757583
0.0006335821649222125
0.0005387953843627041
0.0004590731903119285
0.0003924873039246324
0.00033575025609632216
0.0002876045690350964
0.0002465783246465807
0.00021155718050990633
0.00018149939992284541
0.00015628557822595476
0.0001344415244012566
0.00011581219963287538
9.993439977770661e-05
8.641299569639012e-05
7.486634974503694e-05
6.536690558309154e-05
5.661768164372118e-05
4.962467946669419e-05
4.33784151844265e-05
3.8136019934715264e-05
3.371155858014011e-05
2.9970101857859366e-05
2.6733147954404875e-05
2.396350389802548e-05
2.157419190636643e-05
1.9517078075141214e-05
1.785214383961473e-05
1.61710240587728e-05
1.48307471622524e-05
1.3575301860844629e-05
1.2545078985197092e-05
1.1653105141096652e-05
1.0782591040261193e-05
1.0024526709656836e-05
9.339353063328854e-06
8.73526077516391e-06
8.162409184368301e-06
7.640629480063889e-06
7.167204616075996e-06
6.713589262775152e-06
6.314340977252065e-06
5.8210636190482685e-06
5.588252142750373e-06
5.231359372796188e-06
4.940403369966581e-06
4.644497383086064e-06
4.394150280300156e-06
4.134348026813556e-06
3.914600058541216e-06
3.6780354564414063e-06
3.44885179310192e-06
3.27189482409886e-06
3.0751421018554873e-06
2.9027736174576924e-06
2.7440537441593197e-06
2.5760386668015543e-06
2.4425787323295327e-06
2.2863908069528563e-06
2.162597177688846e-06
2.04684844520017e-06
1.912214161537933e-06
1.8090216655777757e-06
1.7153215894185893e-06
1.6003778118410415e-06
1.5012224556432245e-06
1.4164304613452061e-06
1.3148846772778885e-06
1.2401440216720869e-06
1.1624151731735322e-06
1.0910085960409414e-06
1.0233960205003449e-06
9.431545916964564e-07
8.862213580040906e-07
8.281848052560651e-07
7.710374567426199e-07
7.214069310213902e-07
6.685773768053027e-07
6.147934425671862e-07
5.664991498766633e-07
5.304084831062234e-07
4.863303179302994e-07
4.4324445671994863e-07
4.1225172493932556e-07
3.766680195618963e-07
3.3412397547857986e-07
2.983951808655127e-07
2.773878048454781e-07
2.386473236249558e-07
2.1008599001908657e-07
1.8449477176001233e-07
1.5619539856318577e-07
1.3333339516877872e-07
1.1115399324478819e-07
