0.260190825122134
0.22014173015519367
0.1883789815989201
0.1628011444411701
0.14192686071838972
0.12468889023326031
0.11030342956014536
0.09818492479213967
0.08788919426977945
0.07907463217693231
0.07147523173528633
0.06488149849122671
0.059126731380024715
0.054077019102617314
0.04962384888965157
0.045678578875283954
0.04216825772488572
0.03903243027033762
0.03622067303217663
0.03369067578282485
0.03140673565896012
0.029338565848745262
0.02746034622306648
0.025749961559798605
0.024188386329208243
0.02275918480586254
0.02144810254385516
0.02024273069470055
0.01913222875349492
0.018107094440451825
0.017158971814877504
0.016280490560963635
0.015465130814132488
0.01470710901247557
0.014001281133996733
0.013343060372245025
0.012728346852227629
0.012153467426881283
0.011615123946023313
0.011110348673161588
0.010636465755156149
0.010191057836632498
0.009771937063944894
0.009377119849205208
0.009004804868809071
0.00865335385726769
0.008321274829368923
0.008007207424431855
0.007709910117812153
0.007428249088539124
0.00716118856932264
0.006907782537148782
0.006667167630005984
0.006438557198430482
0.0062212364198022
0.006014558418744041
0.005817941348497519
0.005630866395544887
0.005452876672691578
0.005283576963909173
0.005122634277038486
0.0049697791475654925
0.004824807617807609
0.0046875837908560165
0.0045580428276395316
0.004436194218977827
0.004322125123372232
0.004216003516934666
0.004118080856223698
0.004028693910361981
0.003948265378734172
0.003877302878393798
0.003816395865012446
0.00376621004696789
0.003727478868149199
0.0037009916751048534
0.0036875782514765886
0.00368808949944349
0.0037033741749717807
0.0037342517401370155
0.00378148157877156
0.003845729026114376
0.003927528881666379
0.004027247297570358
0.004145043151109313
0.004280830206444526
0.0044342415337347675
0.004604597769460298
0.004790880857126021
0.004991714891358533
0.005205355592361835
0.005429689757089549
0.005662245768134854
0.005900215896052783
0.006140490715681189
0.006379705487229177
0.0066142978483276224
0.00684057564756315
0.007054793249527931
0.0072532341835178085
0.0074322976195583075
0.007588585860984529
0.00771898986289415
0.007820769735443012
0.007891627278413431
0.007929767819433602
0.007933948985438912
0.006978469125847036
0.005551114488249233
0.00457213585299518
0.003840598268528812
0.00326850894758642
0.0028040649009262045
0.00241952967003052
0.0020947092826436027
0.0018183063405657366
0.0015803947349604009
0.0013748866194435295
0.0011960207928693677
0.0010408099240629967
0.0009048723440303613
0.0007867522053259724
0.0006831593411325062
0.0005930090745221188
0.0005144774434834374
0.0004455179156674893
0.000386777670668257
0.00033554827136121715
0.0002910872517370606
0.0002527435270733346
0.00021966742574894686
0.00019145340854525013
0.00016683308637118965
0.00014589325341557034
0.0001278384708398409
0.0001126225034452376
9.951470909224172e-05
8.828716442530821e-05
7.862671704031577e-05
7.037315915510192e-05
6.328217307511879e-05
5.7178012539385803e-05
5.201451666855997e-05
4.7274330015427686e-05
4.3279939517241095e-05
3.979337332270769e-05
3.66835687802806e-05
3.392414301974724e-05
3.149554160268198e-05
2.923662164296262e-05
2.7285237339238707e-05
2.5516107161331676e-05
2.3848707691604627e-05
2.2360547793632015e-05
2.0933500169774326e-05
1.966590728591136e-05
1.85038157074583e-05
1.7395633171916528e-05
1.6349916887632027e-05
1.538518468589625e-05
1.4482113315029461e-05
1.362295335371857e-05
1.2836348880185423e-05
1.208393759089998e-05
1.1363650253549449e-05
1.0704530141258422e-05
1.0081437141365873e-05
9.438822932614133e-06
8.906761231484288e-06
8.395054784263751e-06
7.87676480152637e-06
7.413112811440715e-06
6.939889393659992e-06
6.5168873690350185e-06
6.094942780971583e-06
5.7296227657535845e-06
5.320651224621174e-06
5.026444445379458e-06
4.683465331821864e-06
4.362627562491167e-06
4.0767578946929e-06
3.7761671537087736e-06
3.5467561559326667e-06
3.2743368561556444e-06
3.0369405472909028e-06
2.7911015931864697e-06
2.5779324582363435e-06
2.3683174156599035e-06
2.1711142811659806e-06
1.9823557392139617e-06
1.8102810924095195e-06
1.6530834006149438e-06
1.4688639157262184e-06
1.3132025334741917e-06
1.1688377853261542e-06
1.0289048739620437e-06
9.051953778380766e-07
7.644676345856195e-07
6.377809401205334e-07
5.274573136222906e-07
