29.99997732117121
33.407806912131676
36.683590082859915
39.709540661043164
42.35940395289932
44.505003863269145
46.02528346513077
46.81774426372159
46.81142802848737
45.97955104972528
44.348906783731714
42.00276889112776
39.07487084016188
35.73430567906149
32.16419566600809
28.539268725125023
25.007720470999875
21.680793183183347
18.630552609420707
15.893952302448277
13.48029632199978
11.379507177909826
9.569521248208826
8.022066920671339
6.706734352236294
5.5935841849026895
4.654651911291022
3.8646879898237634
3.201406841817887
2.6454430087508536
2.1801485435566086
1.7913171945898136
1.4668870197052177
1.1966506237689025
0.971988014416619
0.7856284614440664
0.6314427682592412
0.5042646669853251
0.39973873733249876
0.31419174978865483
0.24452428821261468
0.18811969786307994
0.14276770354062315
0.10660037523708674
0.07803844558645363
0.05574628454974689
0.038594103830717964
0.025626194649137523
0.016034199170232886
0.009134581066544986
0.0043495976353238675
0.0011911872420388885
0.0
0.0
0.0
0.0
0.0
0.0
0.0
0.0
0.0
0.0
0.0
0.0
0.0
0.0
0.0
0.0
0.0
0.0
0.0
0.0
0.0
0.0
0.0
0.0
0.0
0.0
0.0
0.0
0.0
0.0
0.0
0.0
0.0
0.0
0.0
0.0
0.0
0.0
0.0
0.0
0.0
0.0
0.0
0.0
0.0
0.0
0.0
0.0
