30.000017392981928
34.74557401719841
39.754294934775885
44.9495269268119
50.237723707083944
55.50887559579722
60.638056796096684
65.48859079547515
69.91726796689542
73.78181207412777
76.95036346447436
79.31216948198842
80.78808024932843
81.33905292591582
80.97089229675116
79.73401560429255
77.71803245564375
75.04207056082784
71.84266058014595
68.26132758549267
64.43377163180713
60.481840783637736
56.508701920725166
52.596953640432055
48.80903068561509
45.1891217838033
41.76588716967493
38.55542419495799
35.564113516445325
32.791139308574316
30.230596840240434
27.87317893411397
25.707477063986005
23.720953004571193
21.90064190306523
20.233644101055198
18.70745552188093
17.31017771398552
16.03064021811097
14.85846052297237
13.78406071058374
12.798654974371122
11.894218354423716
11.063444114382893
10.299694994567915
9.596951958232106
8.949762867811227
8.35319267773673
7.802776125353956
7.294473477031122
6.824629593609261
6.389936381012557
5.9873985638424285
5.6143026346045275
5.268188787221621
4.946825616276042
4.648187355599234
4.370433431272719
4.111890112382021
3.8710340551234936
3.6464775502921483
3.436955299506758
3.241312560952476
3.0584945203810006
2.887536757311203
2.7275566895588175
2.5777458914628877
2.437363192251312
2.3057284709249997
2.182217073609737
2.0662547865590457
1.9573133062445884
1.854906153833854
1.7585849873691546
1.6679362700720584
1.582578257763251
1.5021582724489486
1.4263502327220423
1.3548524148212615
1.2873854210229068
1.2236903345545844
1.163527042448815
1.1066727097337212
1.0529203901171815
1.002077759879733
0.9539659630817318
0.9084185574305367
0.8652805511925266
0.8244075227083143
0.7856648145926415
0.7489267958544586
0.714076185613673
0.6810034328204533
0.6496061468996132
0.6197885747528857
0.5914611199915712
0.564539900669355
0.5389463421421107
0.5146068020023622
0.4914522243220067
