29.999976618924727
33.931748027097
37.89028545478847
41.77520711775609
45.473746007386
48.86424807575837
51.82142706852193
54.223612619052105
55.96188468748306
56.95043690746469
57.136843357756796
56.510329144429825
55.10596603991387
53.00319425895772
50.31824747875956
47.19161077448363
43.77297247193291
40.20667148695292
36.620192437145086
33.11710283140812
29.77451603866129
26.64419087457227
23.755950556449406
21.12214929636697
18.742227045621355
16.60677152807071
14.70082786240662
13.006414654126926
11.50432678594055
10.17535524794074
9.001061064385324
7.964225240342009
7.049073516466226
6.241351192462553
5.528302820015402
4.898595235099687
4.342210072381772
3.8503229540334214
3.4151802470396206
3.0299799628793567
2.6887604817865864
2.386298896663474
2.1180195762171072
1.8799128187968799
1.6684630501716458
1.4805858019118547
1.3135726177167186
1.165043024790458
1.0329027423880834
0.9153073597573549
0.8106307870157559
0.7174378568606158
0.6344605274736204
0.5605772048142488
0.49479476436744424
0.4362329078277982
0.38411053924603683
0.3377338881606221
0.2964861446559444
0.25981840377617677
0.2272417447359021
0.19832029453220176
0.17266514634356242
0.14992902095133545
0.12980157475428672
0.11200527110904758
0.09629174303110515
0.08243858499736026
0.0702465199320381
0.05953689462971697
0.05014946303960909
0.04194042215208127
0.03478066980927394
0.028554257716806093
0.02315701634933563
0.018495331397069704
0.014485053957655689
0.011050528894492503
0.008123727704594066
0.005643473909558426
0.0035547504322593765
0.0018080796834465868
0.0003589681773251727
0.0
0.0
0.0
0.0
0.0
0.0
0.0
0.0
0.0
0.0
0.0
0.0
0.0
0.0
0.0
0.0
0.0
