1.7093433192376457e-10
1.7377429494810405e-10
1.7659213447378283e-10
1.7938756828579484e-10
1.821634537458657e-10
1.8491892941756348e-10
1.8765400236539423e-10
1.903696679507487e-10
1.9306691952086392e-10
1.9574705240455724e-10
1.9840995712086656e-10
2.0105613866101547e-10
2.0368646936750709e-10
2.0630077825607084e-10
2.0889903472438755e-10
2.1148087472528062e-10
2.1405011036972365e-10
2.1660496886638513e-10
2.1914434096416496e-10
2.2166892807047317e-10
2.241800672115928e-10
2.2667828716625634e-10
2.2916444989793828e-10
2.31639610618002e-10
2.341031206480188e-10
2.365547102409473e-10
2.389942644202628e-10
2.4142535349871573e-10
2.4384669278476483e-10
2.462580720104614e-10
2.486607394325104e-10
2.510512531796945e-10
2.534359851953633e-10
2.558121482737827e-10
2.5818214526123157e-10
2.605450788554372e-10
2.6290148389015005e-10
2.652479803927327e-10
2.675908727073965e-10
2.6992827471653294e-10
2.72260593945833e-10
2.7458739794522135e-10
2.769088541495938e-10
2.7922631756653604e-10
2.8153519098819744e-10
2.838408967100277e-10
2.861408761863535e-10
2.8843648235181135e-10
2.907276486521839e-10
2.930139416575129e-10
2.952981076365249e-10
2.9757793421042273e-10
2.9985350120026273e-10
3.021216194687091e-10
3.043791918464977e-10
3.066307728209545e-10
3.088758552126962e-10
3.1111689495941317e-10
3.1335194451463015e-10
3.155825845153122e-10
3.178081354532801e-10
3.2003255664524925e-10
3.2225294588661166e-10
3.24470146131624e-10
3.266802207570875e-10
3.2888765815165164e-10
3.310904585786301e-10
3.3328973229124375e-10
3.354859798298303e-10
3.3768052811606126e-10
3.398715049722258e-10
3.420563606591861e-10
3.442386606029676e-10
3.4642117557607943e-10
3.4860169830472476e-10
3.5077800597659374e-10
3.529480542166039e-10
3.551216232237405e-10
3.5729129350274254e-10
3.594628616941395e-10
3.616307347418656e-10
3.6380540921785015e-10
3.659794055613374e-10
3.681570261779291e-10
3.7033648515195074e-10
3.7251478129312916e-10
3.7468629175557586e-10
3.7685469862817177e-10
3.790219347273937e-10
3.81187696991533e-10
3.833552368839889e-10
3.8551950041715724e-10
3.8767830556755493e-10
3.898313631956828e-10
3.919756010038746e-10
3.9411644032848313e-10
3.9625944683143526e-10
3.9839398802904304e-10
4.0052791074542033e-10
4.026639008306025e-10
4.0480021622665923e-10
4.069311921683549e-10
4.0905266905663086e-10
4.1117592410811516e-10
4.1329844530058674e-10
4.1542116734956726e-10
4.1753857578651615e-10
4.1964982124407547e-10
4.2175753301405834e-10
4.238576702059374e-10
4.259513221587342e-10
4.280376582709459e-10
4.301301200620494e-10
4.322236985844145e-10
4.343089016693445e-10
4.3639516520110124e-10
4.3847932212034173e-10
4.4056056758567593e-10
4.426397002752629e-10
4.447223204625241e-10
4.467969033264079e-10
4.4886707740061283e-10
4.5093653069153803e-10
4.529916503187109e-10
4.55048295827711e-10
4.5709675849025e-10
4.591438743244698e-10
4.6118285020669396e-10
4.6320960247791793e-10
4.652475061980075e-10
4.672754320624989e-10
4.693007682216093e-10
4.713170365405634e-10
4.73349107618256e-10
4.75372166473705e-10
4.773905353073433e-10
4.794044401684225e-10
4.814184211889932e-10
4.834167058514946e-10
4.853934853759329e-10
4.873739136402975e-10
4.893644245347977e-10
4.913415892446938e-10
4.933123345202942e-10
4.95270700010416e-10
4.972351096449201e-10
4.991797505934352e-10
5.011091520257095e-10
5.030423084448385e-10
5.049783325021559e-10
5.069115353315598e-10
5.088421751535844e-10
5.107672517314297e-10
5.126722483523988e-10
5.145919675734834e-10
5.164936292745896e-10
5.184001441561451e-10
5.203010195990146e-10
5.221885681016577e-10
5.240610539176716e-10
5.259390552754261e-10
