2.1602624463308364e-10
2.1968167356444294e-10
2.2331600213037438e-10
2.2693311753696444e-10
2.3053391149696269e-10
2.3411959041511444e-10
2.376895843993786e-10
2.412456114816148e-10
2.4478755833794463e-10
2.483169846055805e-10
2.51836688147327e-10
2.553431694299526e-10
2.588417308762272e-10
2.623308203615022e-10
2.658077607584764e-10
2.692765250712322e-10
2.727402189373089e-10
2.7619907047790404e-10
2.796572476883488e-10
2.831086547704084e-10
2.8655093298064046e-10
2.8998389527087714e-10
2.9340661007957035e-10
2.968249565501816e-10
3.002386425124339e-10
3.036490820647476e-10
3.070550577410234e-10
3.1045525066544764e-10
3.13856371142847e-10
3.172513788840421e-10
3.206417122908079e-10
3.2402023154436944e-10
3.273940328240123e-10
3.30754950783329e-10
3.3410836842729393e-10
3.374597877230224e-10
3.408112682313571e-10
3.441530084288417e-10
3.474760764792806e-10
3.507836278725201e-10
3.540782361696731e-10
3.573569169898452e-10
3.606198461005377e-10
3.6387414547548716e-10
3.6711428229145343e-10
3.7033920185924537e-10
3.7354930645701317e-10
3.7673192457678617e-10
3.79904247782868e-10
3.830595028167291e-10
3.8619656912861935e-10
3.893266844307381e-10
3.92456048609928e-10
3.955719605620474e-10
3.986823682285424e-10
4.017838918592575e-10
4.0488229003821354e-10
4.079446009168712e-10
4.1100085723763565e-10
4.1403969394913433e-10
4.1706477551664887e-10
4.200507233476108e-10
4.230079177589918e-10
4.2593905373413553e-10
4.2884633258377636e-10
4.317298683003484e-10
4.3458618379091285e-10
4.3741590000748465e-10
4.402289592584801e-10
4.4300867371334645e-10
4.457380933249908e-10
4.4843363340613575e-10
4.5109375737390307e-10
4.5373435154409524e-10
4.5636759821650074e-10
4.589665134417299e-10
4.6154514675911125e-10
4.641114628074655e-10
4.666432034587261e-10
4.691155988264238e-10
4.71602432371766e-10
4.740526941571933e-10
4.764641223010119e-10
4.788466091587814e-10
4.81211582663337e-10
4.835660137851847e-10
4.859015644509071e-10
4.882340651007359e-10
4.905133495364773e-10
4.928030226186392e-10
4.95042926892335e-10
4.972382065593544e-10
4.994261033191734e-10
5.015993028295782e-10
5.037666194241772e-10
5.059082488757182e-10
5.080388016216637e-10
5.101494730519594e-10
5.122388114069865e-10
5.142968181042629e-10
5.163139115923283e-10
5.183106569521051e-10
5.202642343512859e-10
5.22164389985238e-10
5.240817763852485e-10
5.259599530351398e-10
5.278101903322639e-10
5.296333977639126e-10
5.313854749794553e-10
5.331781517267189e-10
5.349443915725008e-10
5.367081926879935e-10
5.384503089360494e-10
5.401557865275087e-10
5.418558242824671e-10
5.43520898983089e-10
5.451426191204513e-10
5.467579915188597e-10
5.483312844937513e-10
5.498673543267777e-10
5.514336082099219e-10
5.529251098234384e-10
5.544438510388422e-10
5.559213500269798e-10
5.573923614263397e-10
5.58853042822776e-10
5.602368287018547e-10
5.616443272490302e-10
5.630009583150207e-10
5.643220957674208e-10
5.65588848263276e-10
5.668872270254261e-10
5.681654060264927e-10
5.69380670299935e-10
5.705768704802336e-10
5.71793094567606e-10
5.729895182089441e-10
5.741715073084203e-10
5.75255716303485e-10
5.763788836669468e-10
5.774943936883639e-10
5.785844565841342e-10
5.796260281912052e-10
5.806500869546692e-10
5.817152330994711e-10
5.827741484476129e-10
5.837450296900758e-10
5.847483174773912e-10
5.8575768032048e-10
5.866993158591257e-10
5.877077824392763e-10
5.886771668056963e-10
5.896377123284783e-10
5.905265414240861e-10
5.914089759079776e-10
5.922380913745098e-10
5.931001243011762e-10
5.939276765566939e-10
5.947706818715836e-10
5.95588495004738e-10
5.963655118945705e-10
