1.9013947602878447e-09
1.960534705902404e-09
2.015983653792792e-09
2.0678312728307067e-09
2.1162024611193474e-09
2.1612462604057673e-09
2.2031490662365706e-09
2.242091815305249e-09
2.2782378057836612e-09
2.3117923770791167e-09
2.3428988527783225e-09
2.3717401919730786e-09
2.3984452731330826e-09
2.423165504194988e-09
2.4460150519710364e-09
2.467131790689527e-09
2.4865730077122405e-09
2.5044719596144658e-09
2.5208884082107137e-09
2.5359296742756725e-09
2.549607438105777e-09
2.562009394875564e-09
2.5731708221453165e-09
2.583174236899809e-09
2.592010475774615e-09
2.5997595969912037e-09
2.6064162490255744e-09
2.6120245763559108e-09
2.6166140887662783e-09
2.6202239289338467e-09
2.62283848333438e-09
2.6245126068565647e-09
2.625262921240335e-09
2.6251170656294313e-09
2.624024877064459e-09
2.6221024213834462e-09
2.619285037806102e-09
2.6156469020199536e-09
2.6111915674858727e-09
2.605892456012842e-09
2.5998043400104e-09
2.5929247944562476e-09
2.5853038351833193e-09
2.576918491213387e-09
2.567813613312354e-09
2.5580120461424984e-09
2.547492613723378e-09
2.536263062964412e-09
2.5244306412862415e-09
2.5119302147154824e-09
2.498802365591272e-09
2.4850508421343223e-09
2.470748605967911e-09
2.455810036696249e-09
2.4404048864948516e-09
2.424346707644557e-09
2.4078879901250627e-09
2.3909230071293712e-09
2.373434702312212e-09
2.355515813139029e-09
2.3371386243139116e-09
2.3183353004231594e-09
2.2991690399538593e-09
2.279600045529926e-09
2.2596502855032808e-09
2.239426697282955e-09
2.2188472228509872e-09
2.1979011460390167e-09
2.176734598301432e-09
2.1552926068888845e-09
2.133588508233033e-09
2.111619973903972e-09
2.0895261294996408e-09
2.0671645453175753e-09
2.0446196829792342e-09
2.021959448944696e-09
1.999117665537117e-09
1.9761681991660676e-09
1.9530637469793182e-09
1.9298463315295954e-09
1.9066207226089526e-09
