1.909101883813272e-09
1.93919107104826e-09
1.9683812187263125e-09
1.9965913881055593e-09
2.0237097411542908e-09
2.049919256312609e-09
2.0751922523301637e-09
2.0995328830703212e-09
2.1229665239387143e-09
2.1455205753113736e-09
2.1673613804459465e-09
2.188506822848084e-09
2.208903888784126e-09
2.2286018512703936e-09
2.247628650974333e-09
2.2658698814092432e-09
2.2834495714803873e-09
2.30041078952578e-09
2.3168352341368614e-09
2.3328216450166483e-09
2.3483982758606903e-09
2.3634127842442796e-09
2.3779126101171837e-09
2.3918460131167197e-09
2.4052485660605207e-09
2.418291538768463e-09
2.4308975799941633e-09
2.4430840578099017e-09
2.4548183898258417e-09
2.4661370186456844e-09
2.4768830155860286e-09
2.4873058884730038e-09
2.4973070653788404e-09
2.506818648782519e-09
2.5157778410010172e-09
2.5243316850747648e-09
2.5326107446648966e-09
2.540359534985785e-09
2.547863042986191e-09
2.5549733886605203e-09
2.561770582862733e-09
2.5682263106585138e-09
2.5743216475435742e-09
2.5802370287802593e-09
2.58580445869804e-09
2.5910666807041804e-09
2.596143825677481e-09
2.6009042013433393e-09
2.6054017813895003e-09
2.6095824688404566e-09
2.61354360948001e-09
2.6172867011247542e-09
2.6208974564910003e-09
2.6241184906286617e-09
2.6271166386348966e-09
2.6298240408394e-09
2.6323138356380844e-09
2.6346411313415966e-09
2.6368843078053745e-09
2.6388011659356535e-09
2.640526633379158e-09
2.641897587309635e-09
2.642996773261801e-09
2.643844819876425e-09
2.644388815458834e-09
2.644815119372956e-09
2.6449528293817437e-09
2.644899251672508e-09
2.644564805897126e-09
2.644066666975595e-09
2.6433700725373888e-09
2.642340536899044e-09
2.6410965964552193e-09
2.6396752934318975e-09
2.637802138629364e-09
2.6358339055926608e-09
2.6335749322428236e-09
2.6311093939897493e-09
2.6284615840309465e-09
2.6256036000500312e-09
2.6224515165968544e-09
2.6188821605086516e-09
2.6152716479238663e-09
2.6111868605511356e-09
2.6069252460259695e-09
2.602515445479575e-09
2.5977481142098523e-09
2.5930255995385572e-09
2.5880799775063134e-09
2.583018261854165e-09
2.5778141814641562e-09
2.5723689792579854e-09
2.5669752975432673e-09
2.561404354742596e-09
2.555826529074006e-09
2.5500402707342868e-09
2.544200071517605e-09
2.5381980120951263e-09
2.5319435109946553e-09
2.5254683888252596e-09
2.518815779000386e-09
2.5121869430044492e-09
2.505345358369232e-09
2.498225561310902e-09
2.4909147096574134e-09
2.4835293144127757e-09
2.4759289088167773e-09
2.468210499933141e-09
2.460112399384503e-09
2.4522223179152427e-09
2.4438553178041623e-09
2.4354236334928298e-09
2.427057842830305e-09
2.418381974605633e-09
2.4096187427388843e-09
2.4006454054679097e-09
2.3916775743719662e-09
2.3827819187896005e-09
2.373583902109255e-09
2.3641533078788335e-09
2.354613452672857e-09
2.3453128339825285e-09
2.33565162412717e-09
2.3258364260690933e-09
2.3160532210214394e-09
2.306339434264463e-09
2.296618372556729e-09
2.286809245353084e-09
2.2768858012420624e-09
2.2665517630219763e-09
2.25623848512107e-09
2.246100379542419e-09
2.2360512237135463e-09
2.2261729353927428e-09
2.2159386487848064e-09
2.2058300808871214e-09
2.1956384168463434e-09
2.1855672670497404e-09
2.17525002686837e-09
2.164901123676407e-09
2.1545310746355375e-09
2.1438114038343067e-09
2.1331725201756767e-09
2.1221233981180023e-09
2.111427218121775e-09
2.1005843163242745e-09
2.0895884514082985e-09
2.078300646571255e-09
2.0670515317110444e-09
2.0556881130676816e-09
2.0443279759432153e-09
2.0330611573821154e-09
2.02179623682376e-09
2.010409805336908e-09
1.998772110429207e-09
1.9871812850282313e-09
1.9752916707684267e-09
1.963507628055898e-09
1.9516533914487373e-09
1.9398664577347144e-09
1.9280453407584354e-09
