4.489368843386842e-09
4.5013435291622214e-09
4.5106869607248195e-09
4.517820907792263e-09
4.522230857842165e-09
4.5241325437192885e-09
4.523988287041334e-09
4.521874512088911e-09
4.517315301625738e-09
4.510147147453391e-09
4.5012225599338674e-09
4.4904558478769505e-09
4.4781784215885804e-09
4.463413900565615e-09
4.4462942306937344e-09
4.427343375007631e-09
4.406483830723882e-09
4.3832661543699736e-09
4.357659096518882e-09
4.330301481701236e-09
4.30166768527002e-09
4.2714884326712015e-09
4.240453511414794e-09
4.208540839147654e-09
4.1753856434911125e-09
4.141395843436596e-09
4.106548393762312e-09
4.071105948252509e-09
4.03479028786565e-09
3.997122506674316e-09
3.959030522650578e-09
3.9196124086052826e-09
3.879616881822594e-09
3.838585871825623e-09
3.796677784819003e-09
3.75419756868725e-09
3.710399592995442e-09
3.6659874219093576e-09
3.620839274620088e-09
3.5754024063827545e-09
3.5294439131427842e-09
3.4834325180201865e-09
3.4365769496550165e-09
3.3893179199701217e-09
3.3423854142629494e-09
3.295130469888836e-09
3.2473548286857645e-09
3.1996380204781635e-09
3.151903910325549e-09
3.103717625640185e-09
3.0556191059335485e-09
3.0078935632939587e-09
2.9595996873162254e-09
2.911782963437879e-09
2.864466021943819e-09
2.8165673526620243e-09
2.7693412807994632e-09
2.722835180988622e-09
2.6764975775091764e-09
2.6301426916558406e-09
2.584893048021561e-09
2.5398007176499867e-09
2.4945502357833923e-09
2.450024929745432e-09
2.405650412514735e-09
2.3620721613000243e-09
2.3185757443824245e-09
2.2754047935387476e-09
2.232748921514078e-09
2.1903929248521026e-09
2.1487202386137063e-09
2.1072549871510694e-09
2.0657989831607204e-09
2.0248558231197187e-09
1.9843041111538046e-09
1.9439353541073587e-09
1.9039776873492783e-09
1.8649470412990767e-09
1.8264282455221203e-09
1.7879522616598005e-09
1.7503529801622607e-09
1.7131350205265156e-09
1.6757958747895418e-09
1.6395217977248136e-09
1.6034008584001346e-09
1.5682090671160436e-09
1.5340968257660302e-09
1.4999230540034738e-09
1.4668052299211249e-09
1.4342133773911283e-09
1.4019330421167645e-09
1.3704849907005702e-09
1.33994616525025e-09
1.3094312070402205e-09
1.2800600295699438e-09
1.250922097473831e-09
1.222466599246367e-09
1.1942222241414917e-09
1.1665833931664963e-09
1.1393414588523642e-09
1.1127485131294822e-09
1.086873187299402e-09
1.061265117118619e-09
1.0364532766994836e-09
1.011923929017617e-09
9.880373614129916e-10
9.65116211347189e-10
9.421019511707409e-10
9.199064354157402e-10
8.979115506327407e-10
8.763407182899132e-10
8.554496669960403e-10
8.350785299578218e-10
8.154783394516287e-10
7.961701314747493e-10
7.771713646222474e-10
7.583917336117183e-10
7.401225831409027e-10
7.220779883755997e-10
7.040829000620523e-10
6.868266307034469e-10
6.698984915870605e-10
6.533597172422236e-10
6.372177100566792e-10
6.212629736164878e-10
6.06152597133518e-10
5.909729239769894e-10
5.763135470984602e-10
5.61782280327291e-10
5.477430370764752e-10
5.336059068744125e-10
5.20089847359991e-10
5.068168312841721e-10
4.938909551601912e-10
4.811840669120184e-10
4.688880527100023e-10
4.569150138571409e-10
4.4519224518874086e-10
4.3390243114486273e-10
4.228185065283786e-10
4.122745185174251e-10
4.020326986074554e-10
3.9185649239487286e-10
3.819300003330456e-10
3.721216208031408e-10
3.6281143971985183e-10
3.534953278139083e-10
3.4456688782176196e-10
3.358068827863562e-10
3.273925415630268e-10
3.18950381478829e-10
3.1063732468574845e-10
3.025260390171267e-10
2.948947832461318e-10
2.871632311432105e-10
2.7981910941940626e-10
2.7258715273071186e-10
2.6550545209066316e-10
2.5865627595586915e-10
2.519207005672931e-10
2.449678261788026e-10
