1.9055827198163077e-09
1.9356448612076017e-09
1.96483090572122e-09
1.9930225505789836e-09
2.0202496065056004e-09
2.0465811931954776e-09
2.071981486463836e-09
2.096507697253316e-09
2.120162219798435e-09
2.1429722442213427e-09
2.1650009860689213e-09
2.186301135713258e-09
2.2067738361555573e-09
2.22656308508844e-09
2.2456514807905274e-09
2.2639454597091156e-09
2.2815425570860906e-09
2.2985626037890348e-09
2.314944009489704e-09
2.330829646998602e-09
2.3462143781634506e-09
2.3610258944559026e-09
2.3753210086885144e-09
2.389066989406942e-09
2.4022929074458804e-09
2.415100717702655e-09
2.4274091658093055e-09
2.4392902313396775e-09
2.450720753708215e-09
2.461655517810174e-09
2.4721383879870074e-09
2.4822508880218913e-09
2.4919163495670796e-09
2.5011406477909886e-09
2.509940313225058e-09
2.5183542347250287e-09
2.5264468821646997e-09
2.534079232895777e-09
2.541407102119953e-09
2.5483704080423165e-09
2.5549463358465553e-09
2.5611820625104403e-09
2.567095899180864e-09
2.572705704944233e-09
2.578093202753063e-09
2.5831491431978344e-09
2.588021070579071e-09
2.5926180858990094e-09
2.5970058278426718e-09
2.6010523463778015e-09
2.6048589541102387e-09
2.6084267560342032e-09
2.6117318953871163e-09
2.6147477009436083e-09
2.6175113327252784e-09
2.619922387373157e-09
2.6221904445255576e-09
2.624249309453816e-09
2.6262086266279425e-09
2.6279099330041043e-09
2.6294280072676625e-09
2.63064535346759e-09
2.631647912700604e-09
2.632370436764638e-09
2.632974208441225e-09
2.633253849071256e-09
2.633323574389433e-09
2.6332582270726937e-09
2.632905681358513e-09
2.6322308176936303e-09
2.6313560179926473e-09
2.630173933798246e-09
2.628842893006131e-09
2.62726370600822e-09
2.6253960616658833e-09
2.6234390459488183e-09
2.621289916140629e-09
2.6189457516531505e-09
2.6165016458902684e-09
2.6138115089476596e-09
2.6108197116289536e-09
2.607585658187757e-09
2.6042289767731596e-09
2.600607469211261e-09
2.59678941407475e-09
2.5928276715656136e-09
2.5886728045337016e-09
2.584399554608348e-09
2.5799663395573595e-09
2.575322237999646e-09
2.5705893505652354e-09
2.5656781327668905e-09
2.5606830065165173e-09
2.5555308359970958e-09
2.5502216080410707e-09
2.544804193176001e-09
2.5392414017808843e-09
2.5335306830062942e-09
2.5275963375584036e-09
2.5214873394988897e-09
2.5152434877754215e-09
2.5087623558347913e-09
2.5021128280508413e-09
2.4952347004087506e-09
2.4881981171453282e-09
2.480965627972029e-09
2.473580744494293e-09
2.4660217389771163e-09
2.458332328931743e-09
2.450586769815537e-09
2.442542607311473e-09
2.434409364486297e-09
2.4260949381719597e-09
2.4176622462675832e-09
2.4090483418113573e-09
2.400227867991302e-09
2.3912843821043133e-09
2.3823084985111404e-09
2.3732363018510123e-09
2.3638533329119587e-09
2.3544824107356635e-09
2.344992460183377e-09
2.335354855076167e-09
2.325578251132917e-09
2.3156807239617637e-09
2.3058247357604936e-09
2.2959058784015178e-09
2.285728805849813e-09
2.275391861553488e-09
2.2650631548891736e-09
2.254632245856267e-09
2.244246748097696e-09
2.2337490812461572e-09
2.2233643938144747e-09
2.2128094293661225e-09
2.202248262158318e-09
2.191680247184059e-09
2.1811191686215517e-09
2.1703264897316702e-09
2.1596467927424206e-09
2.1488544330862516e-09
2.1379663977131218e-09
2.1269689228059748e-09
2.115826893783698e-09
2.1046888281230226e-09
2.0934924078516363e-09
2.0822398381085185e-09
2.0709332816324944e-09
2.059568235509117e-09
2.0481062025239707e-09
2.036617003943396e-09
2.025087659663778e-09
2.0136561839277495e-09
2.00214850691425e-09
1.990462905638524e-09
1.9788799683877995e-09
1.9672010776452313e-09
1.9554454418680045e-09
1.9437572655516604e-09
1.9321256019038776e-09
1.9204222989217773e-09
